#ret
1.6235969366
#mtx
[[485.36568341   0.         308.96642615]
 [  0.         486.22575965 236.66818825]
 [  0.           0.           1.        ]]
#dist
[[ 1.37958351e-01 -2.43061015e-01 -5.22562568e-05 -6.84849581e-03
  -2.59284496e-02]]
#rvecs
[array([[ 0.22401941],
       [ 0.59410648],
       [-2.70528778]]), array([[ 0.08048089],
       [-0.10895739],
       [-0.042364  ]]), array([[ 0.22296679],
       [-0.02011421],
       [ 0.06112522]]), array([[ 0.51485259],
       [-0.08113365],
       [-0.69830523]]), array([[ 0.18725875],
       [-0.38510688],
       [ 0.02959195]]), array([[ 0.27118697],
       [-0.26752656],
       [-0.73676698]]), array([[ 0.41480188],
       [-0.21252824],
       [ 0.05503244]]), array([[ 0.03172368],
       [ 0.05754465],
       [-1.59093625]]), array([[ 0.52034758],
       [ 0.28151258],
       [-1.37283285]]), array([[0.17503504],
       [0.09590479],
       [0.02405798]]), array([[-0.0505524 ],
       [ 0.44741709],
       [-2.73990051]]), array([[ 0.41208087],
       [-0.12996589],
       [-1.37459933]]), array([[ 0.39287406],
       [-0.24960093],
       [-1.05269442]]), array([[ 0.24244524],
       [ 0.3211165 ],
       [-1.67120565]]), array([[ 0.31881446],
       [ 0.41425003],
       [-1.82814752]]), array([[ 0.65831687],
       [ 0.27563304],
       [-2.3835915 ]]), array([[ 0.06759923],
       [ 0.4293654 ],
       [-2.77188611]]), array([[ 0.42340486],
       [ 0.0673272 ],
       [-0.08974433]]), array([[ 0.52998896],
       [ 0.24180891],
       [-2.12680902]]), array([[ 0.140408  ],
       [ 0.04255992],
       [-1.58631969]]), array([[ 0.29178696],
       [-0.35817688],
       [-0.09991891]]), array([[ 0.70971822],
       [ 0.16604215],
       [-1.77862551]]), array([[ 0.13930429],
       [-0.13607103],
       [-0.0470492 ]]), array([[ 0.86555092],
       [ 0.59476103],
       [-2.86737425]]), array([[ 0.23724215],
       [-0.14994737],
       [-0.00593916]]), array([[ 0.51183618],
       [-0.02136258],
       [ 0.03933498]]), array([[ 0.37538122],
       [-0.31529363],
       [ 0.04383026]]), array([[ 0.46553661],
       [-0.29681525],
       [-0.06989818]]), array([[ 0.34764914],
       [-0.26702281],
       [ 0.00552501]])]
#tvecs
[array([[ 8.81407935],
       [ 4.52217132],
       [35.95172769]]), array([[ -1.1971975 ],
       [-14.65975109],
       [ 36.74522031]]), array([[ 1.02571486],
       [-0.45045116],
       [19.23052236]]), array([[-1.75751431],
       [-3.65550392],
       [23.54562536]]), array([[-11.53800016],
       [  3.77873159],
       [ 24.08255682]]), array([[-13.92511142],
       [  8.43417974],
       [ 26.72478845]]), array([[-5.94553949],
       [-6.42854662],
       [30.62846069]]), array([[-3.05668376],
       [ 3.20066212],
       [15.23370295]]), array([[ 5.05494015],
       [-3.3239962 ],
       [28.83950886]]), array([[ 6.94960353],
       [-1.73701834],
       [28.76457313]]), array([[15.41758144],
       [13.41223079],
       [33.9978741 ]]), array([[-7.31910299],
       [ 9.76483887],
       [29.23979814]]), array([[-10.18349211],
       [  1.41561008],
       [ 19.75160727]]), array([[-0.5303017 ],
       [12.68407951],
       [30.9526232 ]]), array([[ 4.03488585],
       [ 2.08318384],
       [32.58587703]]), array([[-5.1066552 ],
       [ 0.47945676],
       [23.80086157]]), array([[13.81780814],
       [ 5.54803011],
       [33.56183335]]), array([[-2.230814  ],
       [-5.21370661],
       [16.01158017]]), array([[-2.79409763],
       [ 5.12746094],
       [31.72848247]]), array([[-5.54264237],
       [ 3.87124899],
       [13.71878801]]), array([[-7.68488251],
       [-6.1516608 ],
       [17.20126454]]), array([[ 2.22638636],
       [-3.27810473],
       [32.33237557]]), array([[ -1.23943367],
       [-14.54209108],
       [ 35.83207966]]), array([[-4.09397213],
       [ 6.07987615],
       [24.73044147]]), array([[-1.96442048],
       [ 2.48912565],
       [23.99904937]]), array([[ 8.13600503],
       [-7.03694889],
       [31.9600001 ]]), array([[-16.93677075],
       [ -6.46935692],
       [ 32.57295246]]), array([[-17.01222068],
       [-13.03398455],
       [ 32.21574292]]), array([[ 12.71597022],
       [-14.58563583],
       [ 33.88620917]])]