%time,field
1580981124650180101,300.8813
1580981125151352882,300.8813
1580981125643902063,300.8813
1580981126153345108,300.8813
1580981126649156093,300.8812
1580981127143541097,300.8812
1580981127658034086,300.8812
1580981128155913114,300.8812
1580981128648197889,300.8812
1580981129141808986,300.8812
1580981129653084039,300.8812
1580981130149952888,300.8812
1580981130644771099,300.8811
1580981131156878948,300.8811
1580981131653009891,300.8811
1580981132146985054,300.8811
1580981132660104036,300.8811
1580981133155354976,300.8811
1580981133651285886,300.8811
1580981134146148920,300.8811
1580981134655769109,300.8811
1580981135153063058,300.8811
1580981135649079084,300.8811
1580981136161828994,300.8811
1580981136657058954,300.881
1580981137150171041,300.881
1580981137646593093,300.881
1580981138159728050,300.881
1580981138655481100,300.8812
1580981139150237083,300.8812
1580981139659025907,300.8816
1580981140155317068,300.8816
1580981140653547048,300.8815
1580981141149271965,300.8815
1580981141659256935,300.8814
1580981142152853012,300.8814
1580981142648983955,300.8814
1580981143162369012,300.8814
1580981143655617952,300.8813
1580981144154985904,300.8813
1580981144646300077,300.8813
1580981145157428979,300.8813
1580981145657069921,300.8813
1580981146153675079,300.8813
1580981146645170927,300.8813
1580981147156351089,300.8813
1580981147652983903,300.8813
1580981148151597976,300.8813
1580981148660573959,300.8814
1580981149156512022,300.8814
1580981149649918079,300.8816
1580981150145912885,300.8816
1580981150659122943,300.8819
1580981151154424905,300.8819
1580981151651190996,300.8828
1580981152143112897,300.8828
1580981152655437946,300.8836
1580981153153753042,300.8836
1580981153648998975,300.8845
1580981154160630941,300.8845
1580981154653191089,300.8854
1580981155151890039,300.8854
1580981155662087917,300.8864
1580981156156966924,300.8864
1580981156653817892,300.8875
1580981157147063016,300.8875
1580981157659753084,300.8886
1580981158155750989,300.8886
1580981158649797916,300.8899
1580981159163861036,300.8899
1580981159655648946,300.8911
1580981160152667999,300.8911
1580981160649151086,300.8923
1580981161160128116,300.8923
1580981161656456947,300.8935
1580981162150197982,300.8935
1580981162647509098,300.8947
1580981163159778118,300.8947
1580981163652720928,300.8959
1580981164150054931,300.8959
1580981164658782005,300.897
1580981165155436038,300.897
1580981165653304100,300.8982
1580981166146962881,300.8982
1580981166659430980,300.8994
1580981167152796030,300.8994
1580981167649128913,300.9007
1580981168163292884,300.9007
1580981168656297922,300.9021
1580981169153465032,300.9021
1580981169646964073,300.9034
1580981170160815954,300.9034
1580981170655284881,300.9047
1580981171149029016,300.9047
1580981171646912097,300.906
1580981172155837059,300.906
1580981172651468038,300.9072
1580981173149631977,300.9072
1580981173660696983,300.9084
1580981174155826091,300.9084
1580981174649585008,300.9095
1580981175161256074,300.9095
1580981175659471035,300.9107
1580981176152770042,300.9107
1580981176651839017,300.9117
1580981177158934116,300.9117
1580981177654875993,300.9128
1580981178152302980,300.9128
1580981178646542072,300.9138
1580981179160569906,300.9138
1580981179652803897,300.9148
1580981180148319959,300.9148
1580981180662858009,300.9158
1580981181156966924,300.9158
1580981181653672933,300.9169
1580981182146797895,300.9169
1580981182658046960,300.918
1580981183157038927,300.918
1580981183650563001,300.9192
1580981184161930084,300.9192
1580981184656385898,300.9203
1580981185151457071,300.9203
1580981185650588035,300.9215
1580981186158857107,300.9215
1580981186657203912,300.9227
1580981187150160074,300.9227
1580981187660701036,300.924
1580981188161041975,300.924
1580981188652702093,300.9254
1580981189150437116,300.9254
1580981189658922910,300.9268
1580981190154839992,300.9268
1580981190652334928,300.9282
1580981191162966966,300.9282
1580981191660862922,300.9295
1580981192153182029,300.9295
1580981192650686979,300.9309
1580981193163312911,300.9309
1580981193658030033,300.9321
1580981194153393983,300.9321
1580981194646810054,300.9333
1580981195161077022,300.9333
1580981195657566070,300.9346
1580981196150063037,300.9346
1580981196662250041,300.9358
1580981197156385898,300.9358
1580981197654342889,300.9371
1580981198150319099,300.9371
1580981198661120891,300.9383
1580981199156507968,300.9383
1580981199649908065,300.9395
1580981200163261890,300.9395
1580981200660397052,300.9407
1580981201154922008,300.9407
1580981201649661064,300.9419
1580981202159732103,300.9419
1580981202656440019,300.943
1580981203154087066,300.943
1580981203662120103,300.9442
1580981204160188913,300.9442
1580981204653130054,300.9454
1580981205148921966,300.9454
1580981205661796092,300.9466
1580981206156969070,300.9466
1580981206653839111,300.9478
1580981207165209054,300.9478
1580981207658210992,300.949
1580981208155595064,300.949
1580981208650741100,300.9503
1580981209160634994,300.9503
1580981209659070968,300.9514
1580981210151655912,300.9514
1580981210665716886,300.9525
1580981211160669088,300.9525
1580981211653899908,300.9536
1580981212153917074,300.9536
1580981212661313056,300.9547
1580981213159117937,300.9547
1580981213656109094,300.9557
1580981214165167093,300.9557
1580981214662405014,300.9567
1580981215155301094,300.9567
1580981215653095006,300.9577
1580981216165060997,300.9577
1580981216659041881,300.9586
1580981217157551050,300.9586
1580981217648484945,300.9595
1580981218163219928,300.9595
1580981218659080028,300.9604
1580981219154468059,300.9604
1580981219663708925,300.9614
1580981220158435106,300.9614
1580981220656258106,300.9624
1580981221152700901,300.9624
1580981221664659023,300.9633
1580981222160901069,300.9633
1580981222652192115,300.9643
1580981223164041042,300.9643
1580981223662704944,300.9652
1580981224158457994,300.9652
1580981224654067039,300.9661
1580981225160964012,300.9661
1580981225657779932,300.9671
1580981226155697107,300.9671
1580981226666579008,300.968
1580981227161761045,300.968
1580981227655293941,300.9689
1580981228151221990,300.9689
1580981228663058996,300.9698
1580981229158454895,300.9698
1580981229655904054,300.9708
1580981230164808034,300.9708
1580981230659864902,300.9717
1580981231160386085,300.9717
1580981231666987895,300.9728
1580981232164505958,300.9728
1580981232658103942,300.9738
1580981233154644966,300.9738
1580981233652596950,300.9748
1580981234163120031,300.9748
1580981234659746885,300.9758
1580981235151752948,300.9758
1580981235664788961,300.9767
1580981236162533998,300.9767
1580981236657721996,300.9776
1580981237152892112,300.9776
1580981237661120891,300.9783
1580981238157484054,300.9783
1580981238657598972,300.979
1580981239165627002,300.979
1580981239662906885,300.9795
1580981240155205011,300.9795
1580981240666595935,300.9799
1580981241165980100,300.9799
1580981241658731937,300.9801
1580981242155951023,300.9801
1580981242664854049,300.9802
1580981243160676002,300.9802
1580981243658907890,300.9803
1580981244154366970,300.9803
1580981244663670063,300.9802
1580981245158113956,300.9802
1580981245654695987,300.9802
1580981246168864965,300.9802
1580981246662517070,300.9801
1580981247159446954,300.9801
1580981247652286052,300.98
1580981248163876056,300.98
1580981248662144899,300.98
1580981249155002117,300.98
1580981249669682979,300.9798
1580981250161109924,300.9798
1580981250656717061,300.9797
1580981251172626018,300.9797
1580981251663984060,300.9796
1580981252161804914,300.9796
1580981252655334949,300.9796
1580981253166800975,300.9796
1580981253665184020,300.9794
1580981254158610105,300.9794
1580981254656826019,300.9792
1580981255164495944,300.9792
1580981255661351919,300.979
1580981256160753965,300.979
1580981256654309988,300.9787
1580981257165193080,300.9787
1580981257658832073,300.9784
1580981258155262947,300.9784
1580981258668062925,300.978
1580981259160896062,300.978
1580981259659966945,300.9775
1580981260167375087,300.9775
1580981260662595987,300.9771
1580981261163237094,300.9771
1580981261655457019,300.9765
1580981262167759895,300.9765
1580981262661415100,300.976
1580981263157300949,300.976
1580981263672502994,300.9754
1580981264165580987,300.9754
1580981264661178112,300.9748
1580981265155138969,300.9748
1580981265666747093,300.9741
1580981266164258956,300.9741
1580981266660686016,300.9734
1580981267156671047,300.9734
1580981267668088912,300.9726
1580981268160650014,300.9726
1580981268657484054,300.9717
1580981269171359062,300.9717
1580981269664417028,300.9708
1580981270159493923,300.9708
1580981270669876098,300.9698
1580981271167217016,300.9698
1580981271664774894,300.9688
1580981272159266948,300.9688
1580981272671952009,300.9678
1580981273163455963,300.9678
1580981273661566972,300.9667
1580981274156821966,300.9667
1580981274667304039,300.9657
1580981275163826942,300.9657
1580981275657416105,300.9646
1580981276156086921,300.9646
1580981276667798042,300.9635
1580981277160443067,300.9635
1580981277656958103,300.9625
1580981278166543006,300.9625
1580981278663224935,300.9614
1580981279161556005,300.9614
1580981279654966115,300.9604
1580981280167292118,300.9604
1580981280660623073,300.9594
1580981281158551931,300.9594
1580981281656267881,300.9584
1580981282164060115,300.9584
1580981282660482883,300.9575
1580981283153882980,300.9575
1580981283667593955,300.9566
1580981284163326025,300.9566
1580981284657416105,300.9558
1580981285154505014,300.9558
1580981285663551092,300.955
1580981286160681962,300.955
1580981286657042026,300.9543
1580981287166246891,300.9543
1580981287663149118,300.9537
1580981288157402992,300.9537
1580981288655352115,300.9531
1580981289167489051,300.9531
1580981289659910917,300.9526
1580981290158170938,300.9526
1580981290666148900,300.9522
1580981291162002086,300.9522
1580981291662497043,300.9518
1580981292169457912,300.9518
1580981292667304992,300.9515
1580981293159738063,300.9515
1580981293656014919,300.9512
1580981294170706033,300.9512
1580981294663532972,300.9511
1580981295161829948,300.9511
1580981295654494047,300.951
1580981296165390014,300.951
1580981296663877964,300.9511
1580981297156831979,300.9511
1580981297668787956,300.9513
1580981298164721012,300.9513
1580981298659065008,300.9517
1580981299171673059,300.9517
1580981299666533946,300.9522
1580981300164740085,300.9522
1580981300657135963,300.9527
1580981301167975902,300.9527
1580981301666070938,300.9533
1580981302162898063,300.9533
1580981302671325922,300.9539
1580981303168709039,300.9539
1580981303661583900,300.9545
1580981304160939931,300.9545
1580981304672218084,300.9551
1580981305166309118,300.9551
1580981305661408901,300.9557
1580981306171128034,300.9557
1580981306668875932,300.9564
1580981307165709018,300.9564
1580981307660713911,300.9571
1580981308171128988,300.9571
1580981308665319919,300.9579
1580981309164695978,300.9579
1580981309659282922,300.9591
1580981310170237064,300.9591
1580981310665715932,300.9602
1580981311158417940,300.9602
1580981311672636985,300.9614
1580981312171725988,300.9614
1580981312663312911,300.9627
1580981313177997112,300.9627
1580981313668333053,300.9639
1580981314165841102,300.9639
1580981314662066936,300.965
1580981315173192977,300.965
1580981315669178962,300.9662
1580981316161679029,300.9662
1580981316658416986,300.9675
1580981317172442913,300.9675
1580981317665914058,300.9689
1580981318162201881,300.9689
1580981318671396970,300.9703
1580981319167946100,300.9703
1580981319665709018,300.9717
1580981320160573959,300.9717
1580981320674297094,300.9731
1580981321164951086,300.9731
1580981321664172887,300.9745
1580981322176242113,300.9745
1580981322668742895,300.9759
1580981323166522026,300.9759
1580981323659308910,300.9773
1580981324170394897,300.9773
1580981324671653985,300.9787
1580981325162328004,300.9787
1580981325675148010,300.98
1580981326168292045,300.98
1580981326666059970,300.9813
1580981327161583900,300.9813
1580981327671869039,300.9826
1580981328168510913,300.9826
1580981328661778926,300.9838
1580981329173643112,300.9838
1580981329673542976,300.985
1580981330165424108,300.985
1580981330663189888,300.9863
1580981331173084974,300.9863
1580981331667119026,300.9875
1580981332164804935,300.9875
1580981332677524089,300.9887
1580981333171766996,300.9887
1580981333665580034,300.9898
1580981334160701990,300.9898
1580981334675750017,300.9908
1580981335170423984,300.9908
1580981335666140079,300.9919
1580981336158967018,300.9919
1580981336670018911,300.9932
1580981337168507099,300.9932
1580981337662612915,300.9945
1580981338176687002,300.9945
1580981338667963027,300.9959
1580981339164547920,300.9959
1580981339678404092,300.9973
1580981340171004056,300.9973
1580981340669821977,300.9987
1580981341162296056,300.9987
1580981341673058032,300.9999
1580981342171646118,300.9999
1580981342667175054,301.001
1580981343163888931,301.001
1580981343671449899,301.0021
1580981344166533946,301.0021
1580981344666990995,301.0031
1580981345176165103,301.0031
1580981345674627065,301.0042
1580981346164860963,301.0042
1580981346676367998,301.0052
1580981347174211025,301.0052
1580981347671842098,301.0062
1580981348165805101,301.0062
1580981348660331964,301.0073
1580981349170324087,301.0073
1580981349667558908,301.0084
1580981350164309978,301.0084
1580981350676311969,301.0094
1580981351170658111,301.0094
1580981351664000988,301.0105
1580981352161175966,301.0105
1580981352674527883,301.0115
1580981353166035890,301.0115
1580981353664207935,301.0125
1580981354173213958,301.0125
1580981354671639919,301.0136
1580981355168533086,301.0136
1580981355678364038,301.0146
1580981356174372911,301.0146
1580981356667252063,301.0156
1580981357165131092,301.0156
1580981357675699949,301.0165
1580981358172184944,301.0165
1580981358669986963,301.0175
1580981359160439968,301.0175
1580981359672703981,301.0185
1580981360170634031,301.0185
1580981360666980028,301.0195
1580981361177561998,301.0195
1580981361669766902,301.0205
1580981362166395902,301.0205
1580981362679476976,301.0215
1580981363174455881,301.0215
1580981363672872066,301.0225
1580981364163634061,301.0225
1580981364674807071,301.0236
1580981365173235893,301.0236
1580981365669332027,301.0246
1580981366165683984,301.0246
1580981366673536062,301.0256
1580981367168868064,301.0256
1580981367667402029,301.0266
1580981368177879095,301.0266
1580981368674648046,301.0279
1580981369166701078,301.0279
1580981369678519010,301.0289
1580981370173682928,301.0289
1580981370671144008,301.03
1580981371167172908,301.03
1580981371680660963,301.031
1580981372172005891,301.031
1580981372669830083,301.032
1580981373166074991,301.032
1580981373677098989,301.0331
1580981374173080921,301.0331
1580981374665318012,301.0342
1580981375179471969,301.0342
1580981375676505088,301.0354
1580981376171025991,301.0354
1580981376665260076,301.0366
1580981377174904108,301.0366
1580981377671200037,301.0377
1580981378168656110,301.0377
1580981378665126085,301.0389
1580981379175074100,301.0389
1580981379668936967,301.0401
1580981380165317058,301.0401
1580981380679363965,301.0413
1580981381173180103,301.0413
1580981381670886039,301.0425
1580981382178431987,301.0425
1580981382675213098,301.0438
1580981383172775030,301.0438
1580981383668113946,301.0451
1580981384179020881,301.0451
1580981384671684980,301.0463
1580981385168462038,301.0463
1580981385682830095,301.0475
1580981386175970077,301.0475
1580981386674666881,301.0486
1580981387165940046,301.0486
1580981387677107095,301.0498
1580981388175331115,301.0498
1580981388670877933,301.0509
1580981389181993007,301.0509
1580981389675050020,301.0521
1580981390170207023,301.0521
1580981390670022964,301.0532
1580981391161667108,301.0532
1580981391677262067,301.0543
1580981392169063091,301.0543
1580981392664030075,301.0553
1580981393178215026,301.0553
1580981393675081968,301.0563
1580981394171545028,301.0563
1580981394679394006,301.0572
1580981395173927068,301.0572
1580981395673837900,301.0582
1580981396165499925,301.0582
1580981396676726102,301.0591
1580981397173760890,301.0591
1580981397667094945,301.0599
1580981398179215908,301.0599
1580981398676692008,301.0608
1580981399171108961,301.0608
1580981399667992115,301.0616
1580981400177067041,301.0616
1580981400673491001,301.0622
1580981401171749114,301.0622
1580981401664426088,301.0627
1580981402177640914,301.0627
1580981402670341968,301.063
1580981403166596889,301.063
1580981403678925991,301.0632
1580981404174031019,301.0632
1580981404672909021,301.0633
1580981405180186986,301.0633
1580981405675375938,301.0632
1580981406174520015,301.0632
1580981406667191028,301.0631
1580981407183341026,301.0631
1580981407673202037,301.0629
1580981408169043064,301.0629
1580981408683136940,301.0626
1580981409177795886,301.0626
1580981409674998044,301.0622
1580981410167438983,301.0622
1580981410678314924,301.0618
1580981411174999952,301.0618
1580981411671467065,301.0614
1580981412169914007,301.0614
1580981412678638935,301.0609
1580981413172722101,301.0609
1580981413670504093,301.0604
1580981414183557987,301.0604
1580981414675210952,301.0599
1580981415174907922,301.0599
1580981415665854930,301.0594
1580981416179938077,301.0594
1580981416677618026,301.0588
1580981417171943902,301.0588
1580981417666913032,301.0583
1580981418175677061,301.0583
1580981418673847913,301.0579
1580981419170196056,301.0579
1580981419680263042,301.0574
1580981420175853967,301.0574
1580981420669044971,301.0569
1580981421180797100,301.0569
1580981421678280115,301.0565
1580981422174144029,301.0565
1580981422670454978,301.056
1580981423178706884,301.056
1580981423674855947,301.0556
1580981424172698020,301.0556
1580981424665518045,301.0551
1580981425181499958,301.0551
1580981425672485113,301.0546
1580981426169291019,301.0546
1580981426683022975,301.054
1580981427175497055,301.054
1580981427675189971,301.0535
1580981428182588100,301.0535
1580981428677752971,301.0529
1580981429176800012,301.0529
1580981429671214103,301.0523
1580981430183820962,301.0523
1580981430675249099,301.0516
1580981431172166109,301.0516
1580981431687186956,301.051
1580981432179249048,301.051
1580981432676009893,301.0504
1580981433169399976,301.0504
1580981433681456089,301.0497
1580981434180322885,301.0497
1580981434671668052,301.0491
1580981435170546054,301.0491
1580981435681372880,301.0483
1580981436174345016,301.0483
1580981436673012971,301.0473
1580981437183872938,301.0473
1580981437679821014,301.0461
1580981438175173044,301.0461
1580981438667934894,301.0447
1580981439181149959,301.0447
1580981439677489995,301.0433
1580981440172703981,301.0433
1580981440666882991,301.0418
1580981441176924943,301.0418
1580981441674221992,301.0402
1580981442170475006,301.0402
1580981442664632081,301.0387
1580981443179805040,301.0387
1580981443671053886,301.0373
1580981444166955947,301.0373
1580981444680603981,301.0363
1580981445173388957,301.0363
1580981445671977996,301.0355
1580981446164347887,301.0355
1580981446676373958,301.0347
1580981447175522089,301.0347
1580981447667084932,301.0338
1580981448180994987,301.0338
1580981448673790931,301.033
1580981449171123027,301.033
1580981449683217048,301.0321
1580981450177299022,301.0321
1580981450676248073,301.0313
1580981451167269945,301.0313
1580981451679514884,301.0304
1580981452178946018,301.0304
1580981452673578977,301.0296
1580981453170499086,301.0296
1580981453677244901,301.0287
1580981454174213886,301.0287
1580981454671662092,301.0277
1580981455180469989,301.0277
1580981455678472995,301.0265
1580981456171189069,301.0265
1580981456666086912,301.0252
1580981457180407047,301.0252
1580981457675606966,301.0239
1580981458173515081,301.0239
1580981458680602073,301.0227
1580981459176310062,301.0227
1580981459676039934,301.0214
1580981460183180093,301.0214
1580981460681559085,301.02
1580981461174315929,301.02
1580981461669914007,301.0186
1580981462185059070,301.0186
1580981462676937103,301.0172
1580981463175471067,301.0172
1580981463667327880,301.0157
1580981464178946971,301.0157
1580981464678389072,301.0143
1580981465171855926,301.0143
1580981465682250976,301.0129
1580981466177750110,301.0129
1580981466672516107,301.0116
1580981467172699928,301.0116
1580981467679781913,301.0102
1580981468178086996,301.0102
1580981468670972108,301.0088
1580981469167123079,301.0088
1580981469681555986,301.0074
1580981470174957036,301.0074
1580981470673974037,301.0059
1580981471182091951,301.0059
1580981471676047086,301.0044
1580981472174612045,301.0044
1580981472667910099,301.0028
1580981473180679082,301.0028
1580981473674108982,301.0013
1580981474169972896,301.0013
1580981474681868076,300.9999
1580981475177994012,300.9999
1580981475676194906,300.9985
1580981476167972087,300.9985
1580981476678673028,300.997
1580981477178366899,300.997
1580981477671307086,300.9956
1580981478185868978,300.9956
1580981478677241086,300.9941
1580981479174077033,300.9941
1580981479687968015,300.9927
1580981480181965112,300.9927
1580981480679389953,300.9913
1580981481170437097,300.9913
1580981481682079076,300.9898
1580981482180597066,300.9898
1580981482675534009,300.9884
1580981483173041105,300.9884
1580981483680260896,300.9869
1580981484176714897,300.9869
1580981484676140069,300.9854
1580981485185673952,300.9854
1580981485681226968,300.984
1580981486173881053,300.984
1580981486686685085,300.9826
1580981487182518959,300.9826
1580981487680773973,300.9812
1580981488175455093,300.9812
1580981488683643102,300.9798
1580981489181706905,300.9798
1580981489677644968,300.9784
1580981490171798944,300.9784
1580981490685872077,300.977
1580981491176794052,300.977
1580981491672796010,300.9755
1580981492188088893,300.9755
1580981492681771993,300.974
1580981493178299903,300.974
1580981493670928955,300.9725
1580981494182154893,300.9725
1580981494681510925,300.9711
1580981495173461914,300.9711
1580981495687336921,300.9697
1580981496180605888,300.9697
1580981496675956010,300.9683
1580981497175359010,300.9683
1580981497685390949,300.9669
1580981498182353019,300.9669
1580981498673568010,300.9655
1580981499169543027,300.9655
1580981499684451103,300.9642
1580981500180422067,300.9642
1580981500676808118,300.9627
1580981501184731960,300.9627
1580981501679166078,300.9612
1580981502177031993,300.9612
1580981502690100908,300.9597
1580981503182137966,300.9597
1580981503677961111,300.9582
1580981504172708034,300.9582
1580981504686930894,300.9567
1580981505180691957,300.9567
1580981505679461956,300.9551
1580981506170846939,300.9551
1580981506681699991,300.9536
1580981507181318044,300.9536
1580981507673099040,300.9521
1580981508187899112,300.9521
1580981508680182933,300.9506
1580981509175770044,300.9506
1580981509675770998,300.9492
1580981510182518959,300.9492
1580981510681602001,300.9477
1580981511173614025,300.9477
1580981511685386896,300.9461
1580981512183226108,300.9461
1580981512679163932,300.9445
1580981513176819086,300.9445
1580981513685424089,300.9429
1580981514179167985,300.9429
1580981514679394006,300.9413
1580981515187434911,300.9413
1580981515685719966,300.9397
1580981516177037954,300.9397
1580981516673824071,300.9381
1580981517187278032,300.9381
1580981517681055068,300.9366
1580981518180174112,300.9366
1580981518686918973,300.935
1580981519182429075,300.935
1580981519680254936,300.9335
1580981520174951076,300.9335
1580981520687453031,300.932
1580981521181005001,300.932
1580981521676064014,300.9306
1580981522175870895,300.9306
